9.138500094413757324e-01
9.734666943550109863e-01
9.793000221252441406e-01
9.836666584014892578e-01
9.852499961853027344e-01
9.873499870300292969e-01
9.881833195686340332e-01
9.896500110626220703e-01
9.896000027656555176e-01
9.909999966621398926e-01
9.914333224296569824e-01
9.916666746139526367e-01
9.919333457946777344e-01
9.922666549682617188e-01
9.926333427429199219e-01
9.930666685104370117e-01
9.936000108718872070e-01
9.933500289916992188e-01
9.937333464622497559e-01
9.941999912261962891e-01
9.940000176429748535e-01
9.940666556358337402e-01
9.944166541099548340e-01
9.944166541099548340e-01
9.947166442871093750e-01
9.946166872978210449e-01
9.947333335876464844e-01
9.950833320617675781e-01
9.951999783515930176e-01
9.954166412353515625e-01
9.952499866485595703e-01
9.957666397094726562e-01
9.955499768257141113e-01
9.957166910171508789e-01
9.959833621978759766e-01
9.962666630744934082e-01
9.958000183105468750e-01
9.963499903678894043e-01
9.965166449546813965e-01
9.958833456039428711e-01
9.966333508491516113e-01
9.964500069618225098e-01
9.962833523750305176e-01
9.966666698455810547e-01
9.966666698455810547e-01
9.967499971389770508e-01
9.968000054359436035e-01
9.967166781425476074e-01
9.969333410263061523e-01
9.966499805450439453e-01
9.968000054359436035e-01
9.971666932106018066e-01
9.971166849136352539e-01
9.974333047866821289e-01
9.971500039100646973e-01
9.977333545684814453e-01
9.973333477973937988e-01
9.971666932106018066e-01
9.977499842643737793e-01
9.974666833877563477e-01
9.974499940872192383e-01
9.975166916847229004e-01
9.977999925613403320e-01
9.978666901588439941e-01
9.972166419029235840e-01
9.974333047866821289e-01
9.976666569709777832e-01
9.977333545684814453e-01
9.979500174522399902e-01
9.979500174522399902e-01
9.979666471481323242e-01
9.977999925613403320e-01
9.981333613395690918e-01
9.984166622161865234e-01
9.984166622161865234e-01
9.978666901588439941e-01
9.983333349227905273e-01
9.981833100318908691e-01
9.980499744415283203e-01
9.981166720390319824e-01
9.983000159263610840e-01
9.983999729156494141e-01
9.983999729156494141e-01
9.981333613395690918e-01
9.979666471481323242e-01
9.980666637420654297e-01
9.984666705131530762e-01
9.983833432197570801e-01
9.987000226974487305e-01
9.982666373252868652e-01
9.981166720390319824e-01
9.982833266258239746e-01
9.983833432197570801e-01
9.982833266258239746e-01
9.984499812126159668e-01
9.981166720390319824e-01
9.983833432197570801e-01
9.982500076293945312e-01
9.986833333969116211e-01
9.982333183288574219e-01
9.985166788101196289e-01
9.983166456222534180e-01
9.983333349227905273e-01
9.985666871070861816e-01
9.983500242233276367e-01
9.981166720390319824e-01
9.986666440963745117e-01
9.987166523933410645e-01
9.987499713897705078e-01
9.986666440963745117e-01
9.987333416938781738e-01
9.989500045776367188e-01
9.983666539192199707e-01
9.989166855812072754e-01
9.985833168029785156e-01
9.984499812126159668e-01
9.986166954040527344e-01
9.986333250999450684e-01
9.987833499908447266e-01
9.986000061035156250e-01
9.987333416938781738e-01
9.988833069801330566e-01
9.986500144004821777e-01
9.989166855812072754e-01
9.990500211715698242e-01
9.987666606903076172e-01
9.984833598136901855e-01
9.987833499908447266e-01
9.986833333969116211e-01
9.988833069801330566e-01
9.988333582878112793e-01
9.988499879837036133e-01
9.989333152770996094e-01
9.991000294685363770e-01
9.988333582878112793e-01
9.989333152770996094e-01
9.987666606903076172e-01
9.989833235740661621e-01
9.991333484649658203e-01
9.988166689872741699e-01
9.990333318710327148e-01
9.989166855812072754e-01
9.991166591644287109e-01
9.986833333969116211e-01
9.989666938781738281e-01
9.990000128746032715e-01
9.988666772842407227e-01
9.990166425704956055e-01
9.991666674613952637e-01
9.990666508674621582e-01
9.991833567619323730e-01
9.991999864578247070e-01
9.990000128746032715e-01
9.991666674613952637e-01
9.989666938781738281e-01
9.989500045776367188e-01
9.991666674613952637e-01
9.990666508674621582e-01
9.991999864578247070e-01
9.988999962806701660e-01
9.989666938781738281e-01
9.991333484649658203e-01
9.990666508674621582e-01
9.989500045776367188e-01
9.990000128746032715e-01
9.990833401679992676e-01
9.991666674613952637e-01
9.989666938781738281e-01
9.989166855812072754e-01
9.991999864578247070e-01
9.989833235740661621e-01
9.990000128746032715e-01
9.991333484649658203e-01
9.992833137512207031e-01
9.989166855812072754e-01
9.992333054542541504e-01
9.991499781608581543e-01
9.990833401679992676e-01
9.989166855812072754e-01
9.992666840553283691e-01
9.992166757583618164e-01
9.989666938781738281e-01
9.994000196456909180e-01
9.992666840553283691e-01
9.993000030517578125e-01
9.991833567619323730e-01
9.993333220481872559e-01
9.991666674613952637e-01
9.990333318710327148e-01
9.990333318710327148e-01
9.993166923522949219e-01
9.991666674613952637e-01
9.990833401679992676e-01
9.991999864578247070e-01
9.991499781608581543e-01
9.991499781608581543e-01
9.992499947547912598e-01
9.990166425704956055e-01
9.991333484649658203e-01
9.992333054542541504e-01
9.990833401679992676e-01
9.992666840553283691e-01
9.990166425704956055e-01
9.990666508674621582e-01
9.992666840553283691e-01
9.992833137512207031e-01
9.991333484649658203e-01
9.996666908264160156e-01
9.994166493415832520e-01
9.993000030517578125e-01
9.993666410446166992e-01
9.991666674613952637e-01
9.994166493415832520e-01
9.991333484649658203e-01
9.991999864578247070e-01
9.993666410446166992e-01
9.992666840553283691e-01
9.991333484649658203e-01
9.993000030517578125e-01
9.992499947547912598e-01
9.993166923522949219e-01
9.990333318710327148e-01
9.990333318710327148e-01
9.992833137512207031e-01
9.993500113487243652e-01
9.990333318710327148e-01
9.993500113487243652e-01
9.990833401679992676e-01
9.992499947547912598e-01
9.993166923522949219e-01
9.992833137512207031e-01
9.990833401679992676e-01
9.993166923522949219e-01
9.993666410446166992e-01
9.994833469390869141e-01
9.991666674613952637e-01
9.994666576385498047e-01
9.992499947547912598e-01
9.993166923522949219e-01
9.992499947547912598e-01
9.991333484649658203e-01
9.992166757583618164e-01
9.991833567619323730e-01
9.994666576385498047e-01
9.991999864578247070e-01
9.991666674613952637e-01
9.991000294685363770e-01
9.992833137512207031e-01
9.992833137512207031e-01
9.991166591644287109e-01
9.992166757583618164e-01
9.993500113487243652e-01
9.992166757583618164e-01
9.992333054542541504e-01
9.993333220481872559e-01
9.992833137512207031e-01
9.992499947547912598e-01
9.991499781608581543e-01
9.993833303451538086e-01
9.993666410446166992e-01
9.990666508674621582e-01
9.991666674613952637e-01
9.992666840553283691e-01
9.992833137512207031e-01
9.993833303451538086e-01
9.994833469390869141e-01
9.993333220481872559e-01
9.993166923522949219e-01
9.993833303451538086e-01
9.992333054542541504e-01
9.994833469390869141e-01
9.994833469390869141e-01
9.993333220481872559e-01
9.992666840553283691e-01
9.992333054542541504e-01
9.993500113487243652e-01
9.992499947547912598e-01
9.993500113487243652e-01
9.993333220481872559e-01
9.992833137512207031e-01
9.994999766349792480e-01
9.994833469390869141e-01
9.992666840553283691e-01
9.993500113487243652e-01
9.994166493415832520e-01
9.993666410446166992e-01
9.995666742324829102e-01
9.991166591644287109e-01
9.992499947547912598e-01
9.994999766349792480e-01
9.994999766349792480e-01
9.994666576385498047e-01
9.992499947547912598e-01
9.993333220481872559e-01
9.994833469390869141e-01
9.993833303451538086e-01
9.995499849319458008e-01
9.995166659355163574e-01
9.994166493415832520e-01
9.994166493415832520e-01
