2.789139124989509777e-01
8.927052899201710912e-02
6.872058498263358683e-02
5.611659759978453177e-02
4.897622187733650240e-02
4.199022334391872002e-02
4.122409799074133047e-02
3.514002558787663461e-02
3.309274884884556150e-02
3.097592822661002568e-02
2.725417598312099635e-02
2.664721385575831089e-02
2.608326878845691754e-02
2.586809495923419674e-02
2.339977374921242345e-02
2.216865494834880171e-02
2.140664194977531798e-02
2.197589449199537429e-02
2.001498482829580650e-02
1.918734086947515571e-02
1.917214965956906547e-02
1.911337338297938379e-02
1.760801980557541099e-02
1.761249847405900459e-02
1.720061325555046275e-02
1.679014036854108161e-02
1.660808311006985519e-02
1.534612353954774647e-02
1.617648741227264292e-02
1.427058675077278252e-02
1.504486235255996472e-02
1.374135460822532503e-02
1.338171592960134097e-02
1.331268759186690111e-02
1.282516582639267079e-02
1.240149520162182536e-02
1.253423936022833585e-02
1.137322722325722311e-02
1.104227732222837731e-02
1.284642130137654027e-02
1.063172545555668598e-02
1.138824120048278349e-02
1.095036048258189038e-02
1.097566959947968504e-02
1.008911959686083736e-02
9.802865872421535204e-03
9.929700737700719593e-03
1.018792349237482991e-02
9.552233757742214712e-03
9.748212126985891443e-03
1.013138680991250949e-02
7.910114680315988647e-03
9.228150906794083466e-03
8.398694006147950156e-03
9.009003154386300422e-03
7.668232467989825364e-03
8.211405940203499870e-03
8.537796337394199658e-03
7.038271548859484361e-03
7.652176710977801055e-03
6.869215730924194130e-03
7.507928761891283220e-03
6.439235849657173362e-03
6.479729302181416219e-03
8.166972981251699459e-03
7.880600429375043958e-03
6.955409484485183813e-03
6.737158846544722378e-03
5.557934792536010395e-03
6.312325566976991105e-03
6.214569230496757614e-03
6.731600492685296117e-03
5.829005877370703817e-03
5.139367020375599365e-03
5.630290480654851458e-03
6.466165490949939837e-03
5.723526690824655774e-03
5.310519810658297091e-03
6.186991797004642163e-03
5.857578830980006597e-03
5.734366949334313707e-03
4.666606175298754038e-03
5.100425882794903595e-03
5.303156611119387576e-03
5.961528208921420754e-03
5.506523105054656961e-03
5.025721187140758973e-03
5.031709507603470202e-03
4.406535047396452701e-03
5.279656492018208920e-03
5.581803214362146721e-03
5.218178304692022013e-03
5.606380990848629058e-03
4.574198212712872295e-03
4.497210712484715073e-03
5.410226043098979865e-03
4.689106589353120302e-03
4.486920882135564392e-03
4.499261522371367575e-03
5.544190475387828984e-03
4.556819225439532640e-03
4.614828487436049495e-03
5.187106495681412938e-03
4.316786658482426979e-03
4.699314270092145272e-03
4.879303181049544913e-03
4.092963023099469196e-03
4.073506660976924411e-03
3.404696438154739078e-03
4.161186629931807983e-03
3.718833364284061197e-03
3.312788608392162274e-03
5.012346154412565188e-03
3.940729937148535443e-03
3.961607374505638109e-03
4.638163472841915630e-03
4.293835635329310181e-03
3.841284726594494572e-03
3.798895428233906284e-03
4.160447149438599793e-03
3.589072078640276591e-03
3.014419136619683835e-03
3.857893098041464963e-03
3.707495967469700594e-03
3.316496905091761028e-03
3.761466359850358914e-03
4.722357200302349303e-03
4.017005056508556222e-03
3.645333948580067526e-03
3.348258172514010679e-03
3.336075303207257890e-03
3.520047683978375346e-03
3.318779782329693215e-03
2.456029041820556764e-03
3.968756776325744508e-03
3.242962134789691836e-03
4.005998897012840072e-03
3.272373166868874049e-03
3.018506298435598510e-03
3.475686860224876107e-03
2.885553962763538066e-03
3.435662605127860498e-03
2.738629466924248634e-03
4.189467267876307612e-03
3.304709167243978073e-03
3.192951618276375272e-03
3.748153889492907009e-03
3.269095366170275598e-03
3.077637591088802291e-03
2.969196345406055655e-03
2.732178129752127916e-03
2.250010211405700875e-03
3.219616829050574083e-03
2.459476666527564415e-03
3.086506671940666448e-03
3.722493123696699480e-03
2.288515236468113834e-03
2.619759570807839947e-03
2.455601688376520680e-03
3.302077377115138646e-03
3.225277202738508625e-03
2.583791742731575674e-03
2.918868965157440758e-03
3.656731340552016579e-03
2.977585921905708064e-03
2.846859696595321551e-03
2.709181904495609229e-03
2.939969148737266169e-03
3.078706855956117247e-03
2.477635185694322065e-03
3.421635377716802408e-03
3.455256173910584150e-03
2.818858819744906544e-03
2.101895237383553244e-03
3.334235234554067204e-03
2.155624142845156792e-03
2.463579068676510254e-03
3.044412805419470947e-03
3.206016285312136230e-03
2.440078918584027024e-03
2.607147839655050547e-03
3.161306650337509117e-03
1.881831302268775156e-03
2.949061135117996002e-03
2.224371975002955703e-03
2.991599810158427058e-03
2.359292031296278316e-03
2.789930653711496754e-03
2.784562914706090794e-03
2.933895019099880697e-03
2.162429472360115866e-03
2.953498360827353387e-03
3.155326318806118188e-03
2.274585992053668355e-03
2.459723267499394194e-03
2.903159314997116273e-03
2.711773456899041392e-03
3.200043740179499795e-03
2.469663588685232919e-03
2.046027454528545619e-03
2.960072114910684924e-03
2.793866603428373559e-03
3.180388922051891575e-03
3.355882691740205617e-03
2.274595823424165140e-03
2.412011825237848038e-03
3.135118328102514014e-03
1.308697125627006569e-03
1.816194964304582507e-03
1.916072157106595746e-03
1.993270239830645038e-03
2.904513077499577562e-03
1.879976290260759438e-03
2.799397821934278795e-03
3.186477718141593127e-03
2.009155541048845365e-03
2.110738540626347099e-03
3.028330563582691450e-03
2.181826506219764449e-03
2.575324342907239859e-03
2.139512320023669555e-03
3.060137427665278291e-03
3.368123033791131128e-03
2.311390148254232214e-03
2.540091702133823702e-03
2.358926560953618096e-03
2.025310825715674438e-03
2.701399515149448000e-03
2.365293427349199080e-03
2.253121111236604853e-03
1.895355787330340941e-03
2.119329045812773371e-03
1.867778132011880220e-03
2.304764197913292470e-03
1.948964094936907155e-03
2.931242525560118998e-03
1.826861773407567960e-03
2.752402469032405943e-03
2.058176781621537561e-03
2.223722075966880814e-03
2.540672258801020007e-03
2.372024106477614407e-03
2.858869035918424478e-03
1.856728051308497579e-03
2.760296267494188448e-03
2.850876512907681622e-03
2.765283644876844957e-03
2.213086620439432429e-03
2.432054736612015208e-03
2.971472373759838793e-03
2.341902625540915814e-03
2.585425905519648116e-03
2.569268746162980347e-03
2.427077058524169592e-03
2.027512069910551717e-03
2.140660870407574100e-03
2.284076401566859527e-03
2.662874042729390742e-03
2.086269241269783203e-03
2.125636486166683058e-03
2.704902050631213979e-03
3.016235427791465803e-03
2.611938136782813221e-03
2.481727401655673543e-03
1.844344213974455056e-03
1.706015652396928759e-03
1.803484605009482130e-03
2.268052959238704095e-03
2.150349770953588480e-03
2.504711298009774153e-03
1.647254018225949301e-03
1.466249918664371986e-03
2.280123686765106374e-03
2.266287431445136204e-03
2.820535134500938481e-03
1.856981791894500014e-03
2.667726029630817369e-03
1.958639881820070823e-03
2.974709926179057787e-03
2.159500894946492743e-03
1.731879872180942023e-03
1.780349361005206495e-03
2.666927538102885527e-03
2.198920083057144537e-03
1.821554153673290424e-03
2.125811763447912547e-03
1.648407077604464692e-03
2.557417787619110754e-03
2.610173642877636896e-03
1.505337543506394659e-03
1.758970657707086167e-03
1.812303947381885749e-03
2.211603938372965188e-03
2.574848133620969565e-03
1.396291140184174190e-03
2.188457341787955132e-03
1.572238872868886002e-03
1.451977650045655453e-03
1.982296007250660720e-03
1.823867111660370903e-03
