3.622158699115117231e-01
6.169890123729904197e-02
4.219963352978229471e-02
3.092226069519917256e-02
2.504986076926191477e-02
2.080775503097102158e-02
1.648136146271911642e-02
1.329469023057414795e-02
1.042918362845666677e-02
9.113735731268146276e-03
7.489960151970930131e-03
6.712383580469395358e-03
8.420019469380592494e-03
6.279025877086678170e-03
4.935930434718223923e-03
4.669507732199781533e-03
4.054542000465062405e-03
5.782556284904179569e-03
3.260260881069674318e-03
3.012296739301079367e-03
1.711556507587617265e-03
2.706914510664122035e-03
1.971456660294977018e-03
3.405350530956047922e-03
2.600574240961911043e-03
6.866502058753572559e-04
7.538912103956344228e-04
1.245361779073018288e-03
1.407904994898692913e-03
1.326758944366437628e-03
1.422332304609349356e-03
2.120866384740119435e-03
2.860588109339540740e-03
2.574062735688043262e-03
1.562150508096645050e-03
2.425493787927882582e-03
1.709892139324399422e-03
5.101463484298601097e-04
1.217868079039764739e-03
1.709402555674566747e-03
1.860101915838301536e-03
2.401339099216777320e-03
1.188132220149634146e-03
3.558503880076317239e-04
9.782036434876789123e-04
4.308333324642378348e-05
2.236606487681823478e-05
1.916320719430556228e-05
4.064379121517834657e-04
5.588604888772152798e-06
3.960444483549589621e-06
1.291379763626328773e-06
1.548657781803797152e-06
1.070301987440676782e-06
1.947325604983163526e-06
1.695741100679981675e-06
9.765112958921426263e-07
4.824649024920783788e-07
1.038230014452542067e-06
7.784996983185502509e-07
5.554946417338631584e-07
4.711536636391381666e-07
5.324894997528417269e-07
5.055485359517793214e-07
2.145006289658605862e-06
6.615206083205056657e-07
3.499627814380327338e-07
5.014994821429752549e-07
9.591112400360183441e-07
1.314572462240241326e-04
1.884582305716383199e-06
8.332673976730357870e-07
3.265381103037867626e-07
3.329015071340535357e-07
2.607722910815605618e-07
3.850367765402040667e-07
4.587415946769368752e-07
3.809624417314694417e-07
3.468355867968379634e-07
3.099920163581515690e-07
5.970874182600264747e-07
2.858075098649474357e-07
4.041799227736694038e-07
3.308541287695495168e-07
4.469139196795405446e-07
2.674257633399198167e-07
1.763055224457114405e-07
1.490178984208038426e-07
1.506469981698899061e-07
2.835760772243863457e-07
2.057373985628885179e-07
1.542602754330602035e-07
1.697274184817132513e-07
1.352116115899804161e-07
1.778764391918485968e-07
3.087451316552858390e-07
2.311008141687646306e-07
1.638549371782242192e-07
2.020630888887116823e-07
2.580481438333966679e-07
1.747870035856635669e-07
1.443954607464566700e-07
1.559816795105935785e-07
2.141747302217093358e-07
1.311630308491610622e-07
9.699147339929937153e-08
9.349354450876035091e-08
1.307828301476613802e-07
1.104191055683637941e-07
1.290971708077866707e-07
3.076700126641185567e-07
1.411017222507619460e-07
1.294986878201361471e-07
1.475580707206584565e-07
1.487030688355872690e-07
1.339340696759450228e-07
1.009292034643986365e-07
1.822008862705596758e-07
1.522664384624524299e-07
1.121163155029118238e-07
1.001766282967035165e-07
9.438091377636700541e-08
1.104508444393322504e-07
1.051203087374830096e-07
1.798591044138930704e-07
1.736841817592704641e-07
8.678185197735406620e-08
1.354704164252022363e-07
2.713739319855079513e-07
1.594934398981469802e-07
1.294647991517905412e-07
1.167236078236063161e-07
5.561575256584442846e-07
2.676982589077188632e-07
8.906413149875428904e-08
1.334709092883912186e-07
1.161011639948602185e-07
1.350072808826041711e-07
9.322293250140962862e-08
1.095735484105612508e-07
9.948954360486557523e-08
1.680959660994574251e-07
6.178083053060372029e-08
8.309317153785874810e-08
1.650235417429257806e-07
1.132181133737475454e-07
1.328184947378000918e-07
8.298526735330824266e-08
2.590947018200987610e-07
1.135539701007104399e-07
2.026321615508900714e-07
6.327835293641707735e-08
1.053733843393208328e-07
9.591805573213226623e-08
8.161104780792053961e-08
1.806079808094551828e-07
9.045757474754149451e-08
8.666542317214975990e-08
7.863539269656882850e-08
1.022941884928722292e-07
3.024207429760394755e-07
9.468817055295156690e-08
1.414372866294163159e-07
2.209474802697286628e-07
8.562192205623375532e-08
1.674857403793102525e-07
1.891751605060202848e-07
8.548517427300340079e-08
6.382729313637962057e-08
7.864757520200290284e-08
6.680940697047313978e-08
6.048940432243909528e-08
1.517088362940436622e-07
1.175190146604165867e-07
7.271240702368213155e-08
8.659745229463075217e-08
6.594967401696294675e-08
9.786907100325000641e-08
8.648915124626436682e-08
8.148330704062326776e-08
1.494735831996033951e-07
2.183541566009713131e-07
8.082605346070674454e-08
1.122716597134143550e-07
1.063049100073006588e-07
9.506522262796579140e-08
7.981136426084371274e-08
7.449013499479425528e-08
1.578605546602792124e-07
6.001997051422829034e-08
8.043923341733242638e-08
5.905639706374662134e-08
4.960059625969866597e-08
1.168275913298562862e-07
8.013206245252035649e-08
1.359611452182699934e-07
7.533788689914425986e-08
1.065834258726046887e-07
5.030636994914535228e-08
6.187306058424250416e-08
7.925259095683164115e-08
1.075403345322930165e-07
4.043973965697962828e-08
7.266497654245067409e-08
4.621617074379950613e-08
8.713104129374945544e-08
6.649709670962049354e-08
6.991683313041600161e-08
5.467600952187012675e-08
1.008113622117908391e-07
7.011789217431878324e-08
4.560131621846134518e-08
1.190567221723171032e-07
7.984410465210108963e-08
4.053886191771975445e-08
5.304778006104034636e-08
4.615951735615908286e-08
4.852078248139453750e-08
1.327471461609756381e-07
9.032809404914132792e-08
1.253042036585346489e-07
1.161310279632251300e-07
9.719977182420791069e-08
4.209149361050397751e-08
6.084258535648719731e-08
7.794469841672460992e-08
4.148847759980848523e-08
5.407400934712332441e-08
6.742996501548267144e-08
2.973414653292631353e-08
5.017386512603157720e-08
1.620387864219215674e-07
1.092208494280081741e-07
4.418726494724486136e-08
4.364670962845688622e-08
4.694835304211627274e-08
5.905522876226143490e-08
1.194640898534752636e-07
3.511423575375260826e-08
4.852234451651801097e-08
5.709590543811297222e-08
2.564934834656658631e-07
1.359923599281387306e-07
6.455547018890210718e-08
7.034227906963508327e-08
4.659436393777601713e-08
1.116425251096823493e-07
7.474870851519691381e-08
5.639065469059308299e-08
8.628930090684624728e-08
4.049952564090612575e-08
3.871353724124541223e-08
6.418361245484524080e-08
6.947664838463652412e-08
3.917389792036374024e-08
5.165487656088411646e-08
4.318149025822985114e-08
5.608833481218766580e-08
7.049060647226212704e-08
3.876265380628278076e-08
1.434429285154692583e-07
8.907894196414172160e-08
1.217082248103906847e-07
6.967109362451632876e-08
3.969844588572376000e-08
8.101536002994198946e-08
3.327248235862612314e-08
5.515891202859298303e-08
6.048582503635676200e-08
4.388538096999165216e-08
4.959821172019947409e-08
2.940819076708104617e-08
5.064855158458669542e-08
4.421558080653179768e-08
6.991682540326374757e-08
4.634597559333523612e-08
3.577308661538343842e-08
2.005121209723625901e-07
6.940648417549747270e-08
5.213198818149559856e-08
8.550893180003053588e-08
8.509467075571800716e-08
3.920859088507218998e-08
4.680398433490514254e-08
5.351556729860836816e-08
4.244830665562915264e-08
2.403242984872378069e-07
4.562902190592410528e-08
5.465897455583975379e-08
4.041818911121689741e-08
1.033579758303204645e-07
5.911828165909109377e-08
7.775136257883729770e-08
3.537034483815186194e-08
1.412054594889392837e-07
2.053469752188637656e-07
6.390159200897471215e-08
4.255182018428153190e-08
5.994854534812076757e-08
4.649801113979871563e-08
